ALTO PARARANA
[ 0.          0.          0.          0.          0.          0.23123522
  0.34685284  0.9249409   0.11561761  0.69370567  1.84988179  1.27179373
 58.95286246 52.19446096 42.65176684 35.17129893 28.23474764 22.82193813
 17.17917267 14.7149559  11.55330323  7.91529077  6.21075373  4.80697914
  3.64693142  6.65405408  6.61764386  6.00642596  5.69656798  5.0341313
  9.87187117  9.90236849  8.96611091  8.80814007  7.99714404  9.49495013
 10.38638697  9.67260815  9.21572458  9.12838531  9.81934882  9.86387731
  9.77168567 10.26004208 12.44967064 16.00677177 16.20088276 17.01981799
 15.6679219  37.30994851 49.72177216 57.48548456]
AMAMBAY
[ 0.          0.          0.          0.          0.          0.
  0.          0.          0.          1.66876989  1.66876989  1.66876989
 63.49893567 68.15002317 70.37152729 73.23438357 74.28691808 75.14706299
 77.22376221 78.67976047 81.33682524 80.03660044 80.35730236 80.42630757
 77.68097387 76.13078419 73.11006273 70.47179102 64.54991761 61.08883644
 56.69717525 54.77648526 52.97657377 50.1133625  48.15647904 45.18999657
 42.92385391 40.22007773 38.27696407 37.06181849 36.13192535 35.29648292
 32.63426709 30.91824613 30.2846038  29.96010215 30.85124243 33.52028121
 32.04869079 33.74715574 37.88546559 41.59862437]
ASUNCION
[ 0.38381004  0.9595251   0.9595251   0.57571506  1.34333514  1.15143012
  1.9190502   2.87857531  2.87857531  5.18143555  6.33286567  8.63572592
 58.95286246 52.19446096 42.65176684 35.17129893 28.23474764 22.82193813
 17.17917267 14.7149559  11.55330323  7.91529077  6.21075373  4.80697914
  3.64693142  6.65405408  6.61764386  6.00642596  5.69656798  5.0341313
  9.87187117  9.90236849  8.96611091  8.80814007  7.99714404  9.49495013
 10.38638697  9.67260815  9.21572458  9.12838531  9.81934882  9.86387731
  9.77168567 10.26004208 12.44967064 16.00677177 16.20088276 17.01981799
 15.6679219  37.30994851 49.72177216 57.48548456]
CAAGUAZU
[3.43270810e-01 1.71635405e-01 0.00000000e+00 1.71635405e-01
 5.14906215e-01 6.86541619e-01 1.88798945e+00 1.54471864e+00
 1.02981243e+00 5.14906215e-01 1.71635405e+00 8.58177024e-01
 7.45458806e+01 9.03866829e+01 1.05384854e+02 1.21718473e+02
 1.39898367e+02 1.55486939e+02 1.68119494e+02 1.79645847e+02
 1.98340290e+02 2.08349440e+02 1.86503987e+02 1.48924221e+02
 1.12408626e+02 8.06962072e+01 5.32272791e+01 3.39620445e+01
 2.12746619e+01 1.27322976e+01 7.54531114e+00 4.50819316e+00
 3.21384496e+00 2.52785358e+00 2.12988228e+00 1.91453966e+00
 1.72689925e+00 1.51455322e+00 1.42472146e+00 1.35150486e+00
 1.27207971e+00 1.29628401e+00 1.39573075e+00 1.51942055e+00
 1.48218170e+00 1.50411015e+00 1.57378985e+00 1.77113314e+00
 1.85844181e+00 2.34788716e+00 2.91497410e+00 3.86781862e+00]
CENTRAL
[ 0.25768177  0.42946961  0.25768177  0.38652265  0.47241658  0.60125746
  0.98778011  1.15956796  1.93261326  1.8896663   3.26396907  4.07996133
 58.95286246 52.19446096 42.65176684 35.17129893 28.23474764 22.82193813
 17.17917267 14.7149559  11.55330323  7.91529077  6.21075373  4.80697914
  3.64693142  6.65405408  6.61764386  6.00642596  5.69656798  5.0341313
  9.87187117  9.90236849  8.96611091  8.80814007  7.99714404  9.49495013
 10.38638697  9.67260815  9.21572458  9.12838531  9.81934882  9.86387731
  9.77168567 10.26004208 12.44967064 16.00677177 16.20088276 17.01981799
 15.6679219  37.30994851 49.72177216 57.48548456]
Centro est
[1.81407422e-01 1.81407422e-01 4.53518556e-02 1.36055567e-01
 2.26759278e-01 2.72111134e-01 8.16333401e-01 1.04309268e+00
 5.89574123e-01 6.34925978e-01 1.85942608e+00 1.04309268e+00
 7.45458806e+01 9.03866829e+01 1.05384854e+02 1.21718473e+02
 1.39898367e+02 1.55486939e+02 1.68119494e+02 1.79645847e+02
 1.98340290e+02 2.08349440e+02 1.86503987e+02 1.48924221e+02
 1.12408626e+02 8.06962072e+01 5.32272791e+01 3.39620445e+01
 2.12746619e+01 1.27322976e+01 7.54531114e+00 4.50819316e+00
 3.21384496e+00 2.52785358e+00 2.12988228e+00 1.91453966e+00
 1.72689925e+00 1.51455322e+00 1.42472146e+00 1.35150486e+00
 1.27207971e+00 1.29628401e+00 1.39573075e+00 1.51942055e+00
 1.48218170e+00 1.50411015e+00 1.57378985e+00 1.77113314e+00
 1.85844181e+00 2.34788716e+00 2.91497410e+00 3.86781862e+00]
Centro norte
[2.62054752e-01 2.62054752e-01 8.73515841e-02 4.36757920e-01
 6.98812672e-01 3.49406336e-01 8.73515841e-01 1.31027376e+00
 1.39762534e+00 1.22292218e+00 2.09643802e+00 2.70789911e+00
 7.45458806e+01 9.03866829e+01 1.05384854e+02 1.21718473e+02
 1.39898367e+02 1.55486939e+02 1.68119494e+02 1.79645847e+02
 1.98340290e+02 2.08349440e+02 1.86503987e+02 1.48924221e+02
 1.12408626e+02 8.06962072e+01 5.32272791e+01 3.39620445e+01
 2.12746619e+01 1.27322976e+01 7.54531114e+00 4.50819316e+00
 3.21384496e+00 2.52785358e+00 2.12988228e+00 1.91453966e+00
 1.72689925e+00 1.51455322e+00 1.42472146e+00 1.35150486e+00
 1.27207971e+00 1.29628401e+00 1.39573075e+00 1.51942055e+00
 1.48218170e+00 1.50411015e+00 1.57378985e+00 1.77113314e+00
 1.85844181e+00 2.34788716e+00 2.91497410e+00 3.86781862e+00]
Centro sur
[0.00000000e+00 0.00000000e+00 0.00000000e+00 0.00000000e+00
 0.00000000e+00 8.84338836e-02 2.65301651e-01 2.65301651e-01
 1.76867767e-01 2.65301651e-01 3.53735535e-01 7.95904953e-01
 7.45458806e+01 9.03866829e+01 1.05384854e+02 1.21718473e+02
 1.39898367e+02 1.55486939e+02 1.68119494e+02 1.79645847e+02
 1.98340290e+02 2.08349440e+02 1.86503987e+02 1.48924221e+02
 1.12408626e+02 8.06962072e+01 5.32272791e+01 3.39620445e+01
 2.12746619e+01 1.27322976e+01 7.54531114e+00 4.50819316e+00
 3.21384496e+00 2.52785358e+00 2.12988228e+00 1.91453966e+00
 1.72689925e+00 1.51455322e+00 1.42472146e+00 1.35150486e+00
 1.27207971e+00 1.29628401e+00 1.39573075e+00 1.51942055e+00
 1.48218170e+00 1.50411015e+00 1.57378985e+00 1.77113314e+00
 1.85844181e+00 2.34788716e+00 2.91497410e+00 3.86781862e+00]
Chaco
[  1.78028849   0.44507212   0.89014425   3.56057699   0.89014425
   2.67043274   3.11550486   6.67608185   4.45072123  20.9183898
  16.91274069  33.82548138  75.01275486  90.57529111 106.06246192
 123.24155542 143.18503929 159.90235939 174.5637238  188.66357898
 209.33248218 218.95427462 195.55734856 156.71387002 118.78317183
  85.03197772  56.30288177  36.08022271  22.78304437  13.84505808
   8.29377493   5.02707074   3.63862572   2.8794786    2.41452315
   2.20114667   2.0269399    1.75469283   1.61771731   1.49413228
   1.43821054   1.39057553   1.4415191    1.57830029   1.52836578
   1.48893933   1.54072028   1.58692201   1.59668099   1.91921687
   2.32285476   2.77529651]
CORDILLERA
[  0.           0.           0.           0.           0.61911811
   0.           0.           0.30955906   0.61911811   0.30955906
   0.61911811   0.          74.54588059  90.38668289 105.38485437
 121.71847331 139.89836702 155.48693871 168.11949401 179.64584709
 198.34029012 208.34944042 186.50398677 148.92422119 112.40862616
  80.69620725  53.22727909  33.96204446  21.27466189  12.73229765
   7.54531114   4.50819316   3.21384496   2.52785358   2.12988228
   1.91453966   1.72689925   1.51455322   1.42472146   1.35150486
   1.27207971   1.29628401   1.39573075   1.51942055   1.4821817
   1.50411015   1.57378985   1.77113314   1.85844181   2.34788716
   2.9149741    3.86781862]
Metropolitano
[ 0.28074662  0.52639991  0.3860266   0.42111993  0.63167989  0.70186655
  1.15807981  1.47391975  2.10559965  2.49162625  3.82517269  4.91306584
 58.95286246 52.19446096 42.65176684 35.17129893 28.23474764 22.82193813
 17.17917267 14.7149559  11.55330323  7.91529077  6.21075373  4.80697914
  3.64693142  6.65405408  6.61764386  6.00642596  5.69656798  5.0341313
  9.87187117  9.90236849  8.96611091  8.80814007  7.99714404  9.49495013
 10.38638697  9.67260815  9.21572458  9.12838531  9.81934882  9.86387731
  9.77168567 10.26004208 12.44967064 16.00677177 16.20088276 17.01981799
 15.6679219  37.30994851 49.72177216 57.48548456]
PARAGUARI
[ 0.          0.          0.          0.          0.          0.
  0.          0.          0.          0.          0.          0.38011342
 63.17886478 66.45090771 68.03949727 70.05530379 70.81539577 71.44277051
 72.90770405 73.94899456 75.81347304 74.94941356 75.22942891 75.35150234
 73.46902189 72.45942495 70.37246517 68.57037235 64.16187918 61.63780854
 58.20015404 56.60096757 54.99254705 52.45425252 50.53628867 47.70116209
 45.37698552 42.66963713 40.52444229 38.90728702 37.4711684  36.06882797
 33.16716487 30.99972548 29.63155532 28.43963631 28.02423123 28.57210334
 26.26516685 25.7759428  26.24581579 26.03498257]
Paraguay
[ 0.25149587  0.30444237  0.19854937  0.3706255   0.43680862  0.48975512
  0.93980037  1.29718925  1.33689912  1.97225712  2.85911099  3.69301837
 58.95286246 52.19446096 42.65176684 35.17129893 28.23474764 22.82193813
 17.17917267 14.7149559  11.55330323  7.91529077  6.21075373  4.80697914
  3.64693142  6.65405408  6.61764386  6.00642596  5.69656798  5.0341313
  9.87187117  9.90236849  8.96611091  8.80814007  7.99714404  9.49495013
 10.38638697  9.67260815  9.21572458  9.12838531  9.81934882  9.86387731
  9.77168567 10.26004208 12.44967064 16.00677177 16.20088276 17.01981799
 15.6679219  37.30994851 49.72177216 57.48548456]
PTE HAYES
[ 0.74140229  0.74140229  0.74140229  1.48280458  0.74140229  3.70701145
  0.74140229  1.48280458  3.70701145  6.67262061  2.96560916  2.96560916
 58.95286246 52.19446096 42.65176684 35.17129893 28.23474764 22.82193813
 17.17917267 14.7149559  11.55330323  7.91529077  6.21075373  4.80697914
  3.64693142  6.65405408  6.61764386  6.00642596  5.69656798  5.0341313
  9.87187117  9.90236849  8.96611091  8.80814007  7.99714404  9.49495013
 10.38638697  9.67260815  9.21572458  9.12838531  9.81934882  9.86387731
  9.77168567 10.26004208 12.44967064 16.00677177 16.20088276 17.01981799
 15.6679219  37.30994851 49.72177216 57.48548456]
SAN PEDRO
[ 0.44365357  0.66548035  0.          0.66548035  0.88730714  0.66548035
  0.44365357  1.55278749  0.22182678  0.          1.10913392  0.66548035
 58.95286246 52.19446096 42.65176684 35.17129893 28.23474764 22.82193813
 17.17917267 14.7149559  11.55330323  7.91529077  6.21075373  4.80697914
  3.64693142  6.65405408  6.61764386  6.00642596  5.69656798  5.0341313
  9.87187117  9.90236849  8.96611091  8.80814007  7.99714404  9.49495013
 10.38638697  9.67260815  9.21572458  9.12838531  9.81934882  9.86387731
  9.77168567 10.26004208 12.44967064 16.00677177 16.20088276 17.01981799
 15.6679219  37.30994851 49.72177216 57.48548456]
CANINDEYU
[  0.           0.           0.           0.           0.80595796
   0.40297898   2.41787389   1.61191593   4.83574778   2.82085287
   5.23872676   8.86553759  74.54588059  90.38668289 105.38485437
 121.71847331 139.89836702 155.48693871 168.11949401 179.64584709
 198.34029012 208.34944042 186.50398677 148.92422119 112.40862616
  80.69620725  53.22727909  33.96204446  21.27466189  12.73229765
   7.54531114   4.50819316   3.21384496   2.52785358   2.12988228
   1.91453966   1.72689925   1.51455322   1.42472146   1.35150486
   1.27207971   1.29628401   1.39573075   1.51942055   1.4821817
   1.50411015   1.57378985   1.77113314   1.85844181   2.34788716
   2.9149741    3.86781862]
CONCEPCION
[  0.37583854   0.           0.37583854   0.75167708   0.75167708
   0.           0.75167708   1.50335416   1.12751562   1.50335416
   1.12751562   1.12751562  74.54588059  90.38668289 105.38485437
 121.71847331 139.89836702 155.48693871 168.11949401 179.64584709
 198.34029012 208.34944042 186.50398677 148.92422119 112.40862616
  80.69620725  53.22727909  33.96204446  21.27466189  12.73229765
   7.54531114   4.50819316   3.21384496   2.52785358   2.12988228
   1.91453966   1.72689925   1.51455322   1.42472146   1.35150486
   1.27207971   1.29628401   1.39573075   1.51942055   1.4821817
   1.50411015   1.57378985   1.77113314   1.85844181   2.34788716
   2.9149741    3.86781862]
ITAPUA
[ 0.          0.          0.          0.          0.          0.15558081
  0.          0.15558081  0.          0.15558081  0.15558081  0.
 59.31612159 53.0149397  43.85870196 36.59808293 29.7484356  24.33898525
 18.57188053 16.07184084 12.77991032  8.88311964  7.05693484  5.53913775
  4.27766454  7.45023713  7.42513956  6.78630726  6.47361592  5.78858095
 10.75098286 10.80391049  9.85376656  9.72060588  8.90571816 10.51860952
 11.51971826 10.83157102 10.41678776 10.40701187 11.25129481 11.41365904
 11.43953109 12.13181681 14.74680456 18.93939336 19.4906294  20.84360061
 19.7997483  44.37889827 59.36489935 69.8890351 ]
MISIONES
[  0.           0.           0.           0.           0.
   0.           1.50110123   0.75055062   1.50110123   1.50110123
   0.75055062   4.5033037   74.54588059  90.38668289 105.38485437
 121.71847331 139.89836702 155.48693871 168.11949401 179.64584709
 198.34029012 208.34944042 186.50398677 148.92422119 112.40862616
  80.69620725  53.22727909  33.96204446  21.27466189  12.73229765
   7.54531114   4.50819316   3.21384496   2.52785358   2.12988228
   1.91453966   1.72689925   1.51455322   1.42472146   1.35150486
   1.27207971   1.29628401   1.39573075   1.51942055   1.4821817
   1.50411015   1.57378985   1.77113314   1.85844181   2.34788716
   2.9149741    3.86781862]
BOQUERON
[  0.           0.           0.           0.           0.
   0.           0.           0.           0.           0.
   1.41833939   1.41833939  74.54588059  90.38668289 105.38485437
 121.71847331 139.89836702 155.48693871 168.11949401 179.64584709
 198.34029012 208.34944042 186.50398677 148.92422119 112.40862616
  80.69620725  53.22727909  33.96204446  21.27466189  12.73229765
   7.54531114   4.50819316   3.21384496   2.52785358   2.12988228
   1.91453966   1.72689925   1.51455322   1.42472146   1.35150486
   1.27207971   1.29628401   1.39573075   1.51942055   1.4821817
   1.50411015   1.57378985   1.77113314   1.85844181   2.34788716
   2.9149741    3.86781862]
GUAIRA
[  0.85135268   1.27702901   0.42567634   0.85135268   0.
   0.           1.27702901   2.12838169   1.27702901   0.85135268
   3.83108704   2.55405803  74.54588059  90.38668289 105.38485437
 121.71847331 139.89836702 155.48693871 168.11949401 179.64584709
 198.34029012 208.34944042 186.50398677 148.92422119 112.40862616
  80.69620725  53.22727909  33.96204446  21.27466189  12.73229765
   7.54531114   4.50819316   3.21384496   2.52785358   2.12988228
   1.91453966   1.72689925   1.51455322   1.42472146   1.35150486
   1.27207971   1.29628401   1.39573075   1.51942055   1.4821817
   1.50411015   1.57378985   1.77113314   1.85844181   2.34788716
   2.9149741    3.86781862]
CAAZAPA
[  0.           0.           0.           0.           0.
   0.           0.50132718   0.           0.50132718   1.00265436
   2.00530873   0.50132718  41.3133827   23.49668807  14.54624372
   7.99282426   4.01473666   4.48660629   5.25978387   7.01292628
   3.84877275   1.94654011   1.94654011   1.96394996   1.99786988
   2.03378834   2.071914     2.11248768   2.15578903   2.22179777
   2.31257119   2.43167646   2.58433441   2.7788663    3.0266006
   3.34115129   3.74106388   4.2543937    4.92018394   5.79559122
   6.96757238   8.56839559  10.80783551  14.03717782  18.86771385
  26.44108004  39.11814597  62.80115248 119.86023468  92.06247734
  67.68729276 110.84417677]
NEEMBUCU
[  0.           0.           0.           0.           0.
   0.           1.0902677    1.0902677    0.           0.
   2.18053539   2.18053539  75.35156296  90.62088955 102.75330968
 114.44597097 122.50129122 133.78652395 144.7883679  154.96438901
 155.80886983 162.18416733 174.77235266 182.7650075  182.84493039
 188.90136462 185.91331142 178.7102532  167.96142276 158.66526466
 146.01799604 132.56046607 118.34712458 110.088392    98.04710333
  89.96629376  78.76457938  67.31670203  58.18234454  53.86559032
  47.83803793  43.5437423   40.19424023  32.73376617  28.58933494
  27.32238768  25.9635023   27.3845948   26.36836655  27.85124305
  27.03942688  25.34284523]
ALTO PARAGUAY
[ 15.54552469   0.           5.18184156  31.09104938   5.18184156
   5.18184156  31.09104938  67.36394032  25.90920782 196.90997941
 171.00077159 367.910751    39.33293687  21.22341075  12.49908328
   6.5122607    3.08515024   3.47910974   4.13397066   5.65638166
   2.9577564    1.4208444    1.4208444    1.43418386   1.46029802
   1.48798833   1.51742201   1.54879231   1.58232409   1.63348522
   1.70457106   1.79887554   1.92035056   2.07523331   2.27245137
   2.52332394   2.84673169   3.263512     3.8067493    4.52779353
   5.50472908   6.85516348   8.77099121  11.5731764   15.84097747
  22.65734175  34.39119815  57.22753467 115.94724589  81.57937568
  53.5335686   86.81423687]
k:26	w:9	error:10646.639760220141
==========================================
Puntaje final
best_k=26,best_w=9,error=10646.639760220141
bhattacharyya=10646.639760220141
==========================================
Ganador
10646.639760220141
==========================================
Error por ciudad:
ALTO PARARANA:882.0499528287114
AMAMBAY:817.9979779531808
ASUNCION:37.882779190446705
CAAGUAZU:412.7123395898243
CENTRAL:60.67207543970865
Centro est:300.64543229218657
Centro norte:180.76849969761886
Centro sur:264.4103843069192
Chaco:244.98011168613712
CORDILLERA:294.1923234731833
Metropolitano:53.027986683024764
PARAGUARI:451.36729541237764
Paraguay:68.91253218299862
PTE HAYES:47.72590283745158
SAN PEDRO:184.61521086332522
CANINDEYU:411.502400773085
CONCEPCION:152.9933992716404
ITAPUA:441.41715687312626
MISIONES:328.37770263306027
BOQUERON:1086.5390079292247
GUAIRA:392.96365210598015
CAAZAPA:1396.7947543881949
NEEMBUCU:1139.3047822840826
ALTO PARAGUAY:994.7860995246498
