ALTO PARARANA
[ 0.          0.          0.          0.          0.          0.23123522
  0.34685284  0.9249409   0.11561761  0.69370567  1.84988179  1.27179373
 60.76904261 57.80465224 53.57573099 48.63814135 42.70780645 37.22396828
 31.3050745  28.48000474 23.53805734 17.5478175  15.87528582 14.18171704
 12.91660253 15.15128182 15.22946137 15.13601194 16.74976275 18.15006046
 18.19227928 19.39709715 19.46664423 18.68229806 19.66817462 19.69015635
 20.88065122 20.66308019 19.27793983 19.13303646 17.54751753 17.09666525
 16.35637216 17.96051472 19.15852909 20.85475302 21.01697405 22.83816732
 23.69517502 25.8688263  30.5965801  35.58833179]
AMAMBAY
[ 0.          0.          0.          0.          0.          0.
  0.          0.          0.          1.66876989  1.66876989  1.66876989
 60.76904261 57.80465224 53.57573099 48.63814135 42.70780645 37.22396828
 31.3050745  28.48000474 23.53805734 17.5478175  15.87528582 14.18171704
 12.91660253 15.15128182 15.22946137 15.13601194 16.74976275 18.15006046
 18.19227928 19.39709715 19.46664423 18.68229806 19.66817462 19.69015635
 20.88065122 20.66308019 19.27793983 19.13303646 17.54751753 17.09666525
 16.35637216 17.96051472 19.15852909 20.85475302 21.01697405 22.83816732
 23.69517502 25.8688263  30.5965801  35.58833179]
ASUNCION
[ 0.38381004  0.9595251   0.9595251   0.57571506  1.34333514  1.15143012
  1.9190502   2.87857531  2.87857531  5.18143555  6.33286567  8.63572592
 58.74463594 53.96076491 48.96631767 42.42289494 34.96387064 28.33637963
 22.19077228 18.88075045 14.03778324  9.24986701  8.13021536  6.90576455
  6.00333792  7.46262541  7.3483385   7.26637025  9.21933507 10.84106548
 10.23211424 11.67728533 12.14183063 11.11801307 12.92809961 12.56738854
 13.72086314 13.70772574 12.16367918 11.88306162 10.02625506  9.40866021
  8.50227366 10.03570272 10.62167923 11.48615966 11.21439509 12.53485152
 12.88337044 13.24363935 16.59146617 22.04107486]
CAAGUAZU
[ 0.34327081  0.1716354   0.          0.1716354   0.51490621  0.68654162
  1.88798945  1.54471864  1.02981243  0.51490621  1.71635405  0.85817702
 44.56310384 26.348289   17.19830907  9.6809156   4.8737829   5.52107756
  6.58744503  9.02076357  4.98938313  2.47546329  2.47546329  2.47546329
  2.47546329  2.47546329  2.47546329  2.47546329  2.47546329  2.47546329
  2.47546329  2.51484617  2.59200546  2.67621189  2.76860786  2.87061387
  2.98402232  3.15962336  3.40402393  3.73889004  4.18929481  4.79847736
  5.63161385  6.79119883  8.45544147 10.936271   14.86385481 21.77841331
 37.52755726 26.54825249 17.79173614 25.47295088]
CENTRAL
[ 0.25768177  0.42946961  0.25768177  0.38652265  0.47241658  0.60125746
  0.98778011  1.15956796  1.93261326  1.8896663   3.26396907  4.07996133
 58.91414955 52.31896333 43.37114729 32.92820072 28.67528423 22.26778289
 16.65345859 13.23495645  6.98660549  3.63845622  3.79890532  4.00929158
  4.27824529  4.60896412  5.032027    5.60692271  6.4754592   8.20259057
  6.62164891  5.00834426  3.30756144  3.41834235  3.54554347  3.6943449
  3.87284163  4.09479827  4.43946249  4.99292188  6.0414254   5.01856772
  4.32387718  4.89721272  5.70644923  6.90971712  9.00641891  8.24548779
  7.89635815  9.84357021 12.64132297 16.78466255]
Centro est
[1.81407422e-01 1.81407422e-01 4.53518556e-02 1.36055567e-01
 2.26759278e-01 2.72111134e-01 8.16333401e-01 1.04309268e+00
 5.89574123e-01 6.34925978e-01 1.85942608e+00 1.04309268e+00
 5.52715783e+01 5.54834078e+01 4.96231330e+01 4.30564095e+01
 3.64268904e+01 3.28279265e+01 3.03920507e+01 2.60846790e+01
 2.14020062e+01 1.23074562e+01 1.14034716e+01 7.98337181e+00
 6.47126944e+00 4.72109190e+00 5.45873936e+00 6.59212304e+00
 8.91203620e+00 6.99554954e+00 5.11177121e+00 3.15566775e+00
 3.44126237e+00 3.81813178e+00 4.30149107e+00 4.93012514e+00
 5.78728741e+00 6.97025375e+00 8.69731261e+00 1.14237119e+01
 1.66337974e+01 1.30184228e+01 1.90743923e+01 1.90930957e+01
 1.83922006e+01 2.87080838e+01 2.87329037e+01 2.84422005e+01
 2.68379987e+01 4.46647514e+01 4.27703358e+01 4.10502392e+01]
Centro norte
[ 0.26205475  0.26205475  0.08735158  0.43675792  0.69881267  0.34940634
  0.87351584  1.31027376  1.39762534  1.22292218  2.09643802  2.70789911
 58.91414955 52.31896333 43.37114729 32.92820072 28.67528423 22.26778289
 16.65345859 13.23495645  6.98660549  3.63845622  3.79890532  4.00929158
  4.27824529  4.60896412  5.032027    5.60692271  6.4754592   8.20259057
  6.62164891  5.00834426  3.30756144  3.41834235  3.54554347  3.6943449
  3.87284163  4.09479827  4.43946249  4.99292188  6.0414254   5.01856772
  4.32387718  4.89721272  5.70644923  6.90971712  9.00641891  8.24548779
  7.89635815  9.84357021 12.64132297 16.78466255]
Centro sur
[ 0.          0.          0.          0.          0.          0.08843388
  0.26530165  0.26530165  0.17686777  0.26530165  0.35373553  0.79590495
 44.56310384 26.348289   17.19830907  9.6809156   4.8737829   5.52107756
  6.58744503  9.02076357  4.98938313  2.47546329  2.47546329  2.47546329
  2.47546329  2.47546329  2.47546329  2.47546329  2.47546329  2.47546329
  2.47546329  2.51484617  2.59200546  2.67621189  2.76860786  2.87061387
  2.98402232  3.15962336  3.40402393  3.73889004  4.18929481  4.79847736
  5.63161385  6.79119883  8.45544147 10.936271   14.86385481 21.77841331
 37.52755726 26.54825249 17.79173614 25.47295088]
Chaco
[ 1.78028849  0.44507212  0.89014425  3.56057699  0.89014425  2.67043274
  3.11550486  6.67608185  4.45072123 20.9183898  16.91274069 33.82548138
 58.96356228 52.43030157 43.5382554  33.13003801 28.89883358 22.4965812
 16.87267228 13.446597    7.13391714  3.73730632  3.90030713  4.11390297
  4.38674811  4.72198264  5.15041982  5.73195595  6.60922832  8.3497522
  6.7564737   5.12595078  3.40030589  3.51284049  3.64200016  3.79302075
  3.97408128  4.19908366  4.54835509  5.108691    6.16821981  5.13554907
  4.43403984  5.01593427  5.8360281   7.05301842  9.16749321  8.40585471
  8.06044657 10.027809   12.84779322 17.01250987]
CORDILLERA
[ 0.          0.          0.          0.          0.61911811  0.
  0.          0.30955906  0.61911811  0.30955906  0.61911811  0.
 60.76415289 57.79219808 53.55430489 48.6077908  42.66903482 37.17883304
 31.25552464 28.42772728 23.48486175 17.49765759 15.82564357 14.132966
 12.86848434 15.10280398 15.18082416 15.08720406 16.70093467 18.10139525
 18.14351208 19.34857491 19.41803042 18.63349891 19.61955277 19.64140247
 20.83218887 20.61438866 19.21249589 19.03019033 17.39213217 16.8238353
 15.96570522 17.3817898  18.34134599 19.71937976 19.56588538 20.89747714
 21.22870092 22.65439792 26.10968244 29.4702565 ]
Metropolitano
[ 0.28074662  0.52639991  0.3860266   0.42111993  0.63167989  0.70186655
  1.15807981  1.47391975  2.10559965  2.49162625  3.82517269  4.91306584
 38.03815338 18.68438692 10.16890814  4.64336753  1.82721357  2.1613686
  2.74919796  4.2518093   1.91735388  0.75495593  0.75495593  0.75495593
  0.75495593  0.75495593  0.75495593  0.75495593  0.75495593  0.75495593
  0.75495593  0.76956143  0.79879669  0.83101799  0.86674785  0.90664377
  0.95154603  1.02191215  1.12352839  1.26666662  1.46661472  1.74325716
  2.14610647  2.74792296  3.69077558  5.24988751  8.0604078  13.94870373
 31.38812408 18.91033776 10.22447752 17.12343948]
PARAGUARI
[ 0.          0.          0.          0.          0.          0.
  0.          0.          0.          0.          0.          0.38011342
 45.60490063 98.20665256 84.03966717 70.92711037 62.60275449 53.98240258
 45.51749048 35.61616994 24.1943374  16.55271166 14.23818361  8.52999061
  5.97985067  3.51264028  4.25204759  5.50072571  8.48055273  5.64804381
  3.37120141  1.56442647  1.69483766  1.87501     2.11255902  2.42793037
  2.8518637   3.4319867   4.19959098  5.24722478  6.73721857  8.98571054
 12.90192932 21.35827615 17.18958342 30.72578109 26.04676766 21.2649271
 15.50913309 29.096559   23.92038125 17.02391347]
Paraguay
[ 0.25149587  0.30444237  0.19854937  0.3706255   0.43680862  0.48975512
  0.93980037  1.29718925  1.33689912  1.97225712  2.85911099  3.69301837
 38.03815338 18.68438692 10.16890814  4.64336753  1.82721357  2.1613686
  2.74919796  4.2518093   1.91735388  0.75495593  0.75495593  0.75495593
  0.75495593  0.75495593  0.75495593  0.75495593  0.75495593  0.75495593
  0.75495593  0.76956143  0.79879669  0.83101799  0.86674785  0.90664377
  0.95154603  1.02191215  1.12352839  1.26666662  1.46661472  1.74325716
  2.14610647  2.74792296  3.69077558  5.24988751  8.0604078  13.94870373
 31.38812408 18.91033776 10.22447752 17.12343948]
PTE HAYES
[ 0.74140229  0.74140229  0.74140229  1.48280458  0.74140229  3.70701145
  0.74140229  1.48280458  3.70701145  6.67262061  2.96560916  2.96560916
 66.86796133 55.47031606 49.96575646 40.09865621 33.32063263 28.80196303
 21.88352159 15.25349052 11.26715265  8.13597349  5.79683425  6.23922268
  6.81271014  7.57851298  8.53002107  9.85457412 11.78508139 15.2057247
 13.03185911 11.38101001 13.53373762 16.37160547 20.42635432 26.45198285
 36.04107919 54.97984269 55.09098198 52.16726555 40.74783062 36.21470686
 35.06596559 27.60127387 41.49650705 36.95919057 39.59345771 39.1296596
 38.46314104 37.26567729 34.17899545 52.3000669 ]
SAN PEDRO
[ 0.44365357  0.66548035  0.          0.66548035  0.88730714  0.66548035
  0.44365357  1.55278749  0.22182678  0.          1.10913392  0.66548035
 36.89597854 22.89797148 12.66832013  4.91972043  6.31072469  2.62421252
  2.62421252  2.62421252  2.62421252  2.62421252  2.62421252  2.62421252
  2.65595006  2.71690753  2.7830654   2.85523723  2.93443001  3.02190832
  3.11928677  3.2286669   3.35284633  3.49565055  3.66248307  3.86128886
  4.10436049  4.41203615  4.90148972  5.685951    7.04851944 10.12455288
  6.30414203  3.79452348  4.34544116  5.10369924  6.15861499  7.66520892
  9.8821272  13.26002237 18.5686829  27.3896166 ]
CANINDEYU
[ 0.          0.          0.          0.          0.80595796  0.40297898
  2.41787389  1.61191593  4.83574778  2.82085287  5.23872676  8.86553759
 36.89597854 22.89797148 12.66832013  4.91972043  6.31072469  2.62421252
  2.62421252  2.62421252  2.62421252  2.62421252  2.62421252  2.62421252
  2.65595006  2.71690753  2.7830654   2.85523723  2.93443001  3.02190832
  3.11928677  3.2286669   3.35284633  3.49565055  3.66248307  3.86128886
  4.10436049  4.41203615  4.90148972  5.685951    7.04851944 10.12455288
  6.30414203  3.79452348  4.34544116  5.10369924  6.15861499  7.66520892
  9.8821272  13.26002237 18.5686829  27.3896166 ]
CONCEPCION
[ 0.37583854  0.          0.37583854  0.75167708  0.75167708  0.
  0.75167708  1.50335416  1.12751562  1.50335416  1.12751562  1.12751562
 29.98833799 11.68468072  5.17984449  1.95996213  0.64812085  0.78722452
  1.04553043  1.77753231  0.69650664  0.24419661  0.24419661  0.24419661
  0.24419661  0.24419661  0.24419661  0.24419661  0.24419661  0.24419661
  0.24419661  0.25726243  0.26982489  0.26982489  0.26982489  0.28639086
  0.31090202  0.34654186  0.38799923  0.43741524  0.49823381  0.57733581
  0.73435396  0.99188583  1.42899999  1.9651507   3.32487367  6.78163384
 21.12930837  9.55494159  3.69051004  6.89826526]
ITAPUA
[ 0.          0.          0.          0.          0.          0.15558081
  0.          0.15558081  0.          0.15558081  0.15558081  0.
 32.190204   15.68277197  7.00177675 10.57515978 21.31372193  9.2497182
  3.67147746  5.7860962   2.6660364   1.12614618  1.17063129  1.19609434
  1.23037349  1.28658599  1.33973084  1.40061868  1.47135433  1.55494609
  1.67943802  1.85590397  2.08349071  2.414569    2.84224342  3.58919726
  5.48251805  2.8855281   1.47803122  1.64966349  1.92073617  2.22665054
  2.69304989  3.42659557  4.54491032  6.62867616 10.39881238 20.78949659
 13.81821728  9.50495483 14.74456031 25.60969763]
MISIONES
[ 0.          0.          0.          0.          0.          0.
  1.50110123  0.75055062  1.50110123  1.50110123  0.75055062  4.5033037
 47.54699336 34.87759738 23.40575791 22.21501786 18.19355878  9.81244014
  5.36343182  2.98590547  1.7227504   0.75485047  0.41054298  0.58320328
  0.29228882  0.33691057  0.39839087  0.48974249  0.64497086  1.01125564
  0.59709363  0.34627373  0.41156491  0.52214571  0.78417221  0.44977157
  0.25787261  0.30616185  0.41229178  0.25293096  0.15615972  0.16143992
  0.170277    0.18320328  0.19833794  0.21631356  0.24313936  0.28303837
  0.34211536  0.4325065   0.57714784  0.81268174]
BOQUERON
[ 0.          0.          0.          0.          0.          0.
  0.          0.          0.          0.          1.41833939  1.41833939
 50.94228875 40.2446385  29.44955749 29.09124496 25.54225011 15.21506664
  9.09215506  5.49953298  3.43287332  1.60528046  0.93450179  1.2771299
  0.6840654   0.77804442  0.90449074  1.08677162  1.38390093  2.03855791
  1.28311162  0.79495272  0.92789558  1.14564338  1.63302542  0.99432094
  0.60432021  0.70559513  0.9195963   0.59197689  0.38302551  0.39538677
  0.41630507  0.44680182  0.48224603  0.52398902  0.58641092  0.6789223
  0.81386071  1.01582481  1.32845656  1.81446869]
GUAIRA
[ 0.85135268  1.27702901  0.42567634  0.85135268  0.          0.
  1.27702901  2.12838169  1.27702901  0.85135268  3.83108704  2.55405803
 23.51232439  8.67301695  2.98587079  5.02425271 12.8330708   4.38460865
  1.42603133  2.56312664  1.02867064  0.37523685  0.37523685  0.39276021
  0.4172778   0.43484719  0.45490047  0.47807572  0.50526458  0.53775767
  0.60248795  0.6796796   0.7517085   0.85220675  1.05896356  1.45183644
  2.56749003  1.19355497  0.51640983  0.5460574   0.61015515  0.69957516
  0.84235868  1.03411973  1.24552831  1.57847779  2.54492288  5.58657277
  2.77567012  1.32517457  1.88488331  2.80425194]
CAAZAPA
[ 0.          0.          0.          0.          0.          0.
  0.50132718  0.          0.50132718  1.00265436  2.00530873  0.50132718
 23.51232439  8.67301695  2.98587079  5.02425271 12.8330708   4.38460865
  1.42603133  2.56312664  1.02867064  0.37523685  0.37523685  0.39276021
  0.4172778   0.43484719  0.45490047  0.47807572  0.50526458  0.53775767
  0.60248795  0.6796796   0.7517085   0.85220675  1.05896356  1.45183644
  2.56749003  1.19355497  0.51640983  0.5460574   0.61015515  0.69957516
  0.84235868  1.03411973  1.24552831  1.57847779  2.54492288  5.58657277
  2.77567012  1.32517457  1.88488331  2.80425194]
NEEMBUCU
[0.         0.         0.         0.         0.         0.
 1.0902677  1.0902677  0.         0.         2.18053539 2.18053539
 2.96147233 0.60728396 1.95314005 0.37887953 0.7907233  4.68897188
 0.66681048 3.48148916 0.83502501 0.28371447 0.09675204 0.11121674
 0.13772838 0.21381623 0.10071389 0.05157143 0.05157143 0.05157143
 0.05157143 0.05157143 0.05157143 0.05157143 0.05157143 0.05157143
 0.05157143 0.05157143 0.05157143 0.05157143 0.05157143 0.05157143
 0.05483403 0.05823824 0.05823824 0.05823824 0.06233098 0.06688375
 0.07173585 0.08426191 0.10252602 0.10945397]
ALTO PARAGUAY
[1.55455247e+01 0.00000000e+00 5.18184156e+00 3.10910494e+01
 5.18184156e+00 5.18184156e+00 3.10910494e+01 6.73639403e+01
 2.59092078e+01 1.96909979e+02 1.71000772e+02 3.67910751e+02
 1.03964874e+00 6.95977699e-01 6.95977699e-01 4.57264830e-01
 4.57264830e-01 4.57264830e-01 3.17048611e-01 3.17048611e-01
 2.33055788e-01 1.74876997e-01 1.30168203e-01 1.30168203e-01
 1.30168203e-01 1.30168203e-01 1.04155915e-01 8.70512275e-02
 8.70512275e-02 8.70512275e-02 8.70512275e-02 8.70512275e-02
 8.70512275e-02 8.70512275e-02 8.70512275e-02 8.70512275e-02
 8.70512275e-02 8.70512275e-02 8.70512275e-02 1.11596654e-01
 1.43928453e-01 1.96486902e-01 2.62977452e-01 3.71828633e-01
 5.54335219e-01 8.64067031e-01 1.34826426e+00 2.27835624e+00
 4.20483094e+00 8.71821423e+00 1.99203749e+01 5.92896992e+01]
k:18	w:9	error:9190.960992780772
==========================================
Puntaje final
best_k=18,best_w=9,error=9190.960992780772
bhattacharyya=9190.960992780772
==========================================
Ganador
9190.960992780772
==========================================
Error por ciudad:
ALTO PARARANA:1036.7860253194617
AMAMBAY:676.5731321629596
ASUNCION:23.19490849728987
CAAGUAZU:388.1713368522623
CENTRAL:36.13708889141869
Centro est:255.1301647325881
Centro norte:61.021731036674005
Centro sur:105.43394406281986
Chaco:138.52400147331653
CORDILLERA:188.6626655341493
Metropolitano:146.73384500278894
PARAGUARI:225.45979171617032
Paraguay:136.4192640018604
PTE HAYES:37.79397704732995
SAN PEDRO:80.26189304148596
CANINDEYU:281.7116796855026
CONCEPCION:320.838489962074
ITAPUA:292.01052874081984
MISIONES:501.82310154029005
BOQUERON:1167.0097004033435
GUAIRA:165.37786116439258
CAAZAPA:800.3125004441234
NEEMBUCU:509.5396611128571
ALTO PARAGUAY:1616.0337003547932
