ALTO PARARANA
[0.         0.         0.         0.         0.         0.23123522
 0.34685284 0.9249409  0.11561761 0.69370567 1.84988179 1.27179373
 0.         0.01691508 0.01188179 0.01333632 0.02318405 0.01747876
 0.03060416 0.04735873 0.05454982 0.06801402 0.05390419 0.05864921
 0.08240068 0.09405178 0.10746166 0.09770962 0.18707595 0.18566822
 0.2270646  0.28105027 0.41583431 0.62581757 0.78268183 0.91741244
 0.99367035 1.10447786 1.21719201 1.14044611 1.15647693 1.27976096
 1.04338466 0.90672694 0.83631257 0.73158245 0.62228679 0.48536939
 0.43790275 0.25021443 0.15798415 0.10028546]
AMAMBAY
[0.         0.         0.         0.         0.         0.
 0.         0.         0.         1.66876989 1.66876989 1.66876989
 0.         0.01828221 0.0159871  0.01368779 0.         0.02307486
 0.02366564 0.01871561 0.01343412 0.         0.02374302 0.01546858
 0.06010602 0.08253437 0.08102809 0.0777169  0.08669367 0.10196882
 0.0952148  0.09721649 0.10108763 0.10865011 0.08808966 0.07614003
 0.08406078 0.08131291 0.07873005 0.06345683 0.06497018 0.04853656
 0.04606927 0.02659453 0.02010731 0.01873734 0.01788813 0.01241651
 0.01020674 0.         0.01329772 0.        ]
ASUNCION
[ 0.38381004  0.9595251   0.9595251   0.57571506  1.34333514  1.15143012
  1.9190502   2.87857531  2.87857531  5.18143555  6.33286567  8.63572592
  0.54332661  0.64253545  1.13760663  1.1140087   1.05470505  1.23624344
  2.09798296  2.34765477  3.53700875  3.77412114  5.1169141   6.60916038
  6.69110365  7.59614463  7.99729778  8.62517002  8.85547692  9.08930408
  9.70326149 10.24852127 11.25839893 11.21344814 11.68898903 12.18855126
 11.87739988 11.97992831 11.65691136 11.48553498 10.20524202  9.66834472
  8.77359293  8.64953568  8.57150353  8.10777042  7.8920081   7.27322846
  6.80726118  6.18428314  5.74216428  5.45815177]
CAAGUAZU
[0.34327081 0.1716354  0.         0.1716354  0.51490621 0.68654162
 1.88798945 1.54471864 1.02981243 0.51490621 1.71635405 0.85817702
 0.01057872 0.         0.         0.         0.01298213 0.01231723
 0.01603855 0.01828841 0.01604916 0.01737521 0.02531661 0.03151585
 0.03011262 0.03577861 0.03444483 0.03404968 0.03663022 0.03856108
 0.04598321 0.05457168 0.06073101 0.06159524 0.05607543 0.05437073
 0.05209305 0.06078913 0.06291148 0.06071049 0.06153534 0.07909884
 0.09061752 0.10196857 0.09951643 0.08986388 0.09192413 0.09820433
 0.09193135 0.07826601 0.06780399 0.06218344]
CENTRAL
[0.25768177 0.42946961 0.25768177 0.38652265 0.47241658 0.60125746
 0.98778011 1.15956796 1.93261326 1.8896663  3.26396907 4.07996133
 0.24995347 0.2639892  0.28299446 0.34875911 0.30794108 0.48353119
 0.61045891 0.73841501 0.82334438 1.01627775 1.16411662 1.21266988
 1.44328972 1.61921393 1.76725645 1.91767235 2.03645158 2.25912811
 2.51250977 2.84182632 3.25932597 3.47267    3.63767733 3.70724051
 3.68515563 3.88702877 3.89159916 3.76491326 3.42137426 3.26087563
 2.98932849 2.76658927 2.45879209 2.28244406 2.1487148  1.88534975
 1.71105376 1.53273719 1.39272841 1.33673859]
Centro est
[0.18140742 0.18140742 0.04535186 0.13605557 0.22675928 0.27211113
 0.8163334  1.04309268 0.58957412 0.63492598 1.85942608 1.04309268
 0.04219719 0.04506399 0.04101711 0.04691499 0.07472832 0.07447178
 0.09664024 0.10906166 0.10427531 0.1124828  0.11849446 0.12811749
 0.13504968 0.14246233 0.14515958 0.14102086 0.17380079 0.17975704
 0.20351854 0.2261613  0.26892505 0.29699626 0.31674288 0.34159618
 0.35415401 0.38487953 0.40562838 0.40292454 0.41963032 0.46654566
 0.4490674  0.43794695 0.42536149 0.39946121 0.37793759 0.35831458
 0.34264271 0.2817779  0.23204352 0.20033708]
Centro norte
[0.26205475 0.26205475 0.08735158 0.43675792 0.69881267 0.34940634
 0.87351584 1.31027376 1.39762534 1.22292218 2.09643802 2.70789911
 0.01375279 0.0184477  0.01932947 0.02192049 0.02610697 0.02902514
 0.03790607 0.04337849 0.04352624 0.04440745 0.05351598 0.06799224
 0.06921572 0.08241704 0.08450166 0.08707226 0.10069139 0.16357253
 0.17913452 0.21925524 0.23994071 0.23587572 0.24677552 0.27831741
 0.26957996 0.26512288 0.24006089 0.21765314 0.18351214 0.17307502
 0.15232887 0.1348992  0.11537266 0.10208036 0.10216327 0.09765408
 0.08278085 0.07070275 0.06355136 0.06440726]
Centro sur
[0.         0.         0.         0.         0.         0.08843388
 0.26530165 0.26530165 0.17686777 0.26530165 0.35373553 0.79590495
 0.01295872 0.01452584 0.01702275 0.01816505 0.02276362 0.02681844
 0.03402319 0.03720204 0.04258652 0.04737333 0.04224143 0.04427882
 0.0470429  0.05157481 0.04968969 0.05709296 0.06436856 0.0696527
 0.07671513 0.07175512 0.076839   0.06730882 0.07716038 0.08917495
 0.08828516 0.0898171  0.0898125  0.0885871  0.08660201 0.08662317
 0.07738378 0.06578687 0.06467379 0.06934327 0.06100378 0.05483846
 0.04738467 0.03329057 0.02473285 0.01963946]
Chaco
[1.78028849e+00 4.45072123e-01 8.90144247e-01 3.56057699e+00
 8.90144247e-01 2.67043274e+00 3.11550486e+00 6.67608185e+00
 4.45072123e+00 2.09183898e+01 1.69127407e+01 3.38254814e+01
 1.85248349e-02 3.88319725e-02 9.56302803e-02 3.12064332e-01
 4.13581003e-01 5.97086738e-01 9.93474421e-01 1.15391581e+00
 1.58734862e+00 2.02504552e+00 2.49780959e+00 2.43523820e+00
 3.26924962e+00 4.39496394e+00 5.30297704e+00 6.24638267e+00
 6.84435079e+00 7.89726459e+00 9.05379025e+00 1.03085159e+01
 1.04018140e+01 1.14213660e+01 1.36481400e+01 1.56229245e+01
 1.64975442e+01 1.88935030e+01 1.99062060e+01 2.01677935e+01
 1.96037784e+01 1.94918834e+01 1.84315024e+01 1.69678734e+01
 1.51458422e+01 1.48157248e+01 1.31799951e+01 1.24834121e+01
 1.05885152e+01 8.42267894e+00 6.74060333e+00 6.21922211e+00]
CORDILLERA
[0.         0.         0.         0.         0.61911811 0.
 0.         0.30955906 0.61911811 0.30955906 0.61911811 0.
 0.01096506 0.01257916 0.01517883 0.01938679 0.02663446 0.03934406
 0.06818306 0.16488293 0.14287706 0.10736426 0.32033325 0.36643844
 0.29265391 0.243742   0.23918957 0.20843103 0.79652896 0.7465433
 0.7008858  0.59207845 0.43235806 0.25524438 0.241955   0.18822805
 0.12456727 0.06244496 0.0243407  0.03712627 0.07435764 0.05184615
 0.03676046 0.06286557 0.13120042 0.40618885 0.34250318 0.34253858
 0.34052093 0.35403719 0.21090471 0.15002536]
Metropolitano
[0.28074662 0.52639991 0.3860266  0.42111993 0.63167989 0.70186655
 1.15807981 1.47391975 2.10559965 2.49162625 3.82517269 4.91306584
 0.30877327 0.34115724 0.41110966 0.46341871 0.42322916 0.5984713
 0.81297364 0.96687812 1.16674705 1.36869346 1.64818849 1.83638416
 2.03892769 2.29511487 2.47358547 2.67922792 2.81647519 3.04509813
 3.34526642 3.70622253 4.20056054 4.3987082  4.60377639 4.71789613
 4.6700642  4.87363534 4.84985953 4.71230851 4.2658124  4.06511341
 3.72467483 3.49612122 3.17969679 2.96887691 2.82153954 2.50983795
 2.29984381 2.07325051 1.89956652 1.82049537]
PARAGUARI
[0.         0.         0.         0.         0.         0.
 0.         0.         0.         0.         0.         0.38011342
 0.01097654 0.01226911 0.01440413 0.01814805 0.0250954  0.04568186
 0.0300641  0.01927721 0.03062604 0.01702735 0.02336785 0.0363209
 0.08053692 0.06079682 0.03898051 0.09094124 0.06979051 0.05292547
 0.1361925  0.14202116 0.12522436 0.05985073 0.18538247 0.15143072
 0.11242826 0.09383051 0.07496293 0.0378947  0.07072192 0.22999522
 0.18117265 0.13902326 0.1037572  0.06217616 0.03406689 0.07260743
 0.04105704 0.02004774 0.02773244 0.04940961]
Paraguay
[0.25149587 0.30444237 0.19854937 0.3706255  0.43680862 0.48975512
 0.93980037 1.29718925 1.33689912 1.97225712 2.85911099 3.69301837
 0.13596573 0.15525179 0.16970163 0.19515631 0.21031093 0.2445678
 0.32055032 0.36798169 0.4027482  0.45157817 0.505224   0.55375748
 0.60106978 0.67150137 0.71009242 0.75501671 0.81669821 0.90162933
 0.98512376 1.0812021  1.18744123 1.22944626 1.30007141 1.372237
 1.37805223 1.44220464 1.44758476 1.4216028  1.3477912  1.3419427
 1.26152799 1.19614362 1.11857428 1.06461229 1.0123216  0.9447777
 0.87517837 0.76069778 0.67116173 0.62752565]
PTE HAYES
[7.41402290e-01 7.41402290e-01 7.41402290e-01 1.48280458e+00
 7.41402290e-01 3.70701145e+00 7.41402290e-01 1.48280458e+00
 3.70701145e+00 6.67262061e+00 2.96560916e+00 2.96560916e+00
 1.70266217e-02 3.20052051e-02 6.78256557e-02 1.67275419e-01
 5.48315478e-01 6.62266766e-01 8.56089340e-01 1.24818251e+00
 1.37028925e+00 1.55478133e+00 1.86124702e+00 1.72853223e+00
 2.37403532e+00 3.05082366e+00 4.94263972e+00 6.97180400e+00
 7.35424498e+00 8.04830576e+00 7.49386363e+00 7.82983413e+00
 8.28841544e+00 9.45027071e+00 1.07945811e+01 1.14351421e+01
 1.19899139e+01 1.36697111e+01 1.59612669e+01 1.94505657e+01
 2.07240735e+01 2.25158553e+01 2.23223837e+01 2.18678411e+01
 1.88350346e+01 1.85798634e+01 1.84221126e+01 1.92497680e+01
 1.58605118e+01 1.25474691e+01 1.05238527e+01 1.03621185e+01]
SAN PEDRO
[0.44365357 0.66548035 0.         0.66548035 0.88730714 0.66548035
 0.44365357 1.55278749 0.22182678 0.         1.10913392 0.66548035
 0.0244933  0.02730065 0.02066193 0.02208789 0.01840831 0.01275446
 0.03349297 0.03514506 0.13255303 0.15004662 0.16336568 0.18871892
 0.17762777 0.18020235 0.1866876  0.17342214 0.15653173 0.21718299
 0.24344799 0.26135549 0.37253129 0.49154801 0.49687771 0.46745507
 0.3769179  0.30774306 0.21293506 0.15701306 0.11186199 0.07678655
 0.04649321 0.03243734 0.02939945 0.03240313 0.03335635 0.1226153
 0.13763745 0.11259864 0.08597966 0.0915153 ]
CANINDEYU
[0.         0.         0.         0.         0.80595796 0.40297898
 2.41787389 1.61191593 4.83574778 2.82085287 5.23872676 8.86553759
 0.         0.01364288 0.04376828 0.04181557 0.1732901  0.16108725
 0.16454544 0.12095578 0.11143537 0.09626228 0.13523933 0.16691842
 0.1324174  0.14237251 0.08749696 0.07318188 0.08542047 0.41235422
 0.44650898 0.52533392 0.83035496 0.83844841 0.94060211 1.30616822
 1.34358519 1.4147262  1.39149599 1.29603696 0.99581336 0.95509948
 0.84796507 0.61886257 0.52565695 0.41236913 0.58581705 0.56596035
 0.42686593 0.33262228 0.24822882 0.29825863]
CONCEPCION
[0.37583854 0.         0.37583854 0.75167708 0.75167708 0.
 0.75167708 1.50335416 1.12751562 1.50335416 1.12751562 1.12751562
 0.04398412 0.05170045 0.05239971 0.05244426 0.0636208  0.08127266
 0.11175886 0.1827312  0.14955708 0.14856329 0.17147719 0.26869188
 0.29034811 0.3924942  0.46364322 0.51887485 0.70830691 1.24458856
 1.36417335 1.77176012 1.72334584 1.48798545 1.56117914 1.87435328
 1.84526458 1.83371668 1.7135013  1.5691724  1.3301595  1.32311443
 1.17446784 1.15173267 0.92062523 0.77138909 0.67147223 0.57642436
 0.44372618 0.38746326 0.38849437 0.36307817]
ITAPUA
[0.         0.         0.         0.         0.         0.15558081
 0.         0.15558081 0.         0.15558081 0.15558081 0.
 0.         0.01865821 0.02045902 0.01656526 0.04704397 0.05539836
 0.07033657 0.07674038 0.08117879 0.08373882 0.06535688 0.06097984
 0.06546277 0.08447873 0.06899117 0.0576885  0.04674227 0.03825999
 0.0327718  0.01955453 0.01339315 0.         0.01398364 0.01011605
 0.02421705 0.02323787 0.01561988 0.04424221 0.04085872 0.0407316
 0.03620774 0.03917293 0.03567402 0.04800465 0.04089616 0.0388256
 0.03262549 0.02389615 0.02162051 0.01691331]
MISIONES
[0.         0.         0.         0.         0.         0.
 1.50110123 0.75055062 1.50110123 1.50110123 0.75055062 4.5033037
 0.01115327 0.01300051 0.01552775 0.01919263 0.02499887 0.03574192
 0.06462224 0.03866151 0.02351435 0.03676587 0.07964454 0.04634466
 0.02556661 0.04157124 0.07816088 0.17938866 0.5628938  3.3589558
 3.79416739 5.13772903 5.14829195 5.09212291 5.16541663 5.94655171
 6.2542166  6.23221575 6.55151392 6.05508423 5.14877807 5.92349382
 5.86779656 4.64901405 5.18680361 5.52045757 4.31575222 2.93299877
 1.92967588 0.98283715 0.46261174 0.21674205]
BOQUERON
[0.00000000e+00 0.00000000e+00 0.00000000e+00 0.00000000e+00
 0.00000000e+00 0.00000000e+00 0.00000000e+00 0.00000000e+00
 0.00000000e+00 0.00000000e+00 1.41833939e+00 1.41833939e+00
 1.00000000e-02 1.00000000e-02 1.00000000e-02 1.00000000e-02
 1.00000000e-02 1.00000000e-02 1.06596085e-02 1.14322610e-02
 1.29485182e-02 1.57647597e-02 2.06794816e-02 2.94639068e-02
 4.64297587e-02 8.21644050e-02 1.66979153e-01 4.14446261e-01
 1.51117301e+00 8.21604130e-01 3.36177878e+00 4.73338375e+00
 4.96572689e+00 6.08703805e+00 8.06613290e+00 9.14005808e+00
 1.06625476e+01 1.47888020e+01 1.72958284e+01 1.70218042e+01
 1.70430506e+01 1.75378568e+01 1.74728426e+01 1.78219306e+01
 1.82213627e+01 1.87975260e+01 1.61396898e+01 1.49257104e+01
 1.31688420e+01 1.03862374e+01 6.85773368e+00 5.06644501e+00]
GUAIRA
[0.85135268 1.27702901 0.42567634 0.85135268 0.         0.
 1.27702901 2.12838169 1.27702901 0.85135268 3.83108704 2.55405803
 0.01664518 0.03056072 0.06470346 0.16633551 0.61144595 0.76236723
 0.89539453 0.85973649 0.68356132 0.62560039 0.61912953 0.45974373
 0.68822453 0.60061126 0.54299789 0.43248474 0.41483901 0.46162447
 0.54814828 0.46344313 0.72183402 0.59523034 0.74811036 1.03785297
 1.12128865 1.36141888 1.50338324 1.86245978 2.20925467 2.32133876
 2.38011775 2.53945329 2.80155475 2.62663569 2.33330068 2.63024065
 2.64684522 2.35767507 1.7006071  1.29173614]
CAAZAPA
[0.00000000e+00 0.00000000e+00 0.00000000e+00 0.00000000e+00
 0.00000000e+00 0.00000000e+00 5.01327182e-01 0.00000000e+00
 5.01327182e-01 1.00265436e+00 2.00530873e+00 5.01327182e-01
 1.45394062e-01 1.73011072e-01 2.13256488e-01 2.76879294e-01
 3.91015668e-01 6.47798081e-01 1.65713972e+00 7.84157250e-01
 3.27864784e-01 1.02452481e-01 1.09923062e-01 1.19162407e-01
 1.30964622e-01 1.46716726e-01 1.75445303e-01 2.30853562e-01
 3.38514670e-01 6.94939553e-01 3.61683225e-01 1.94015007e-01
 2.83555600e-01 4.79388753e-01 1.00651695e+00 3.09602899e+00
 2.44255083e+01 2.44832533e+01 1.24139951e+01 2.94210740e+02
 7.71981184e+02 1.77633631e+03 2.70510911e+03 1.36351543e+03
 9.58948337e+02 6.93461042e+02 3.24652102e+02 1.18519762e+02
 6.01405527e+01 2.05929743e+01 6.67539181e+00 3.21262596e+00]
NEEMBUCU
[0.         0.         0.         0.         0.         0.
 1.0902677  1.0902677  0.         0.         2.18053539 2.18053539
 0.04200768 0.03038223 0.02812949 0.02623319 0.01527572 0.
 0.03305158 0.02453494 0.11928308 0.16787199 0.1477062  0.12594101
 0.10310176 0.06181423 0.03553276 0.19497062 0.24262099 0.27624388
 0.26176145 0.23140584 0.40840372 0.39464482 0.50023893 0.71399885
 0.5717881  0.50765405 0.41504438 0.35622748 0.35891073 0.2252387
 0.11281264 0.05284344 0.02452102 0.01501476 0.         0.01092969
 0.04679688 0.02273901 0.01591829 0.        ]
ALTO PARAGUAY
[1.55455247e+01 0.00000000e+00 5.18184156e+00 3.10910494e+01
 5.18184156e+00 5.18184156e+00 3.10910494e+01 6.73639403e+01
 2.59092078e+01 1.96909979e+02 1.71000772e+02 3.67910751e+02
 2.30111986e-02 6.45437360e-02 2.56497710e-01 1.89069528e-01
 1.47426728e-01 5.43712974e-01 2.73884024e+00 1.73421063e+00
 9.51336231e+00 1.32228056e+01 1.60907536e+01 1.54872519e+01
 1.94874985e+01 2.50632634e+01 2.48976149e+01 2.45024952e+01
 2.51639781e+01 3.36024831e+01 5.45316668e+01 6.50375270e+01
 6.25066394e+01 6.45677254e+01 7.77131479e+01 9.41555707e+01
 9.59151853e+01 1.01969950e+02 9.25496984e+01 7.73527506e+01
 6.29476420e+01 5.08325230e+01 3.83676452e+01 2.55162197e+01
 2.02200786e+01 1.46579443e+01 7.51968480e+00 3.26215380e+00
 3.12273903e+00 1.97872373e+00 1.19063798e+00 5.65863118e-01]
k:11	w:49	error:12653.303721290193
==========================================
Puntaje final
best_k=11,best_w=49,error=12653.303721290193
bhattacharyya=12653.303721290193
==========================================
Ganador
12653.303721290193
==========================================
Error por ciudad:
ALTO PARARANA:454.88761590480334
AMAMBAY:956.3130074349272
ASUNCION:64.28156249350343
CAAGUAZU:756.8571002903377
CENTRAL:137.10894090326545
Centro est:256.515911273875
Centro norte:634.0798550500998
Centro sur:738.5637259426144
Chaco:291.64306685560257
CORDILLERA:502.3189377471867
Metropolitano:113.29844969739403
PARAGUARI:557.162001251242
Paraguay:212.68592103307188
PTE HAYES:156.74648658589732
SAN PEDRO:398.33588677731956
CANINDEYU:487.5754332368344
CONCEPCION:388.0229839323309
ITAPUA:824.9426706081917
MISIONES:633.3967598410038
BOQUERON:692.2879197323659
GUAIRA:227.05309680435812
CAAZAPA:1735.859457891277
NEEMBUCU:609.3307355448727
ALTO PARAGUAY:824.036194457818
